scaf 32 aligns to
chromosome_1
[(1, 821), (824, 17118), (17120, 17164), (17166, 22902), (22904, 43666), (43669, 46393), (46395, 46412), (46413, 46410)]
[(1009327, 1010147), (1010148, 1026442), (1026443, 1026487), (1026488, 1032224), (1032225, 1052987), (1052988, 1055712), (1055713, 1055730), (1055732, 1055743)]
chromosome_1
[(47125, 51461), (51479, 51499), (51501, 51509), (51511, 51523), (51525, 51541), (51543, 51547), (51549, 51557), (51559, 51577), (51579, 51599), (51601, 51605), (51607, 51609), (51611, 51615), (51617, 51622), (51640, 51641), (51643, 51645), (51647, 51651), (51653, 57351)]
[(1055743, 1060079), (1060080, 1060100), (1060101, 1060109), (1060110, 1060122), (1060123, 1060139), (1060140, 1060144), (1060145, 1060153), (1060154, 1060172), (1060173, 1060193), (1060194, 1060198), (1060199, 1060201), (1060202, 1060206), (1060207, 1060212), (1060213, 1060214), (1060215, 1060217), (1060218, 1060222), (1060223, 1066017)]
chromosome_1
[(57681, 58754), (58755, 71307)]
[(1065864, 1066937), (1066939, 1079489)]
chromosome_1
[(71707, 82289), (82290, 82342), (82343, 82353), (82355, 82403), (82405, 82444), (82446, 82458), (82460, 82503), (82505, 82530), (82532, 82600), (82601, 82648), (82650, 82705), (82707, 82754), (82756, 82760), (82761, 82908), (82909, 83030), (83032, 83063), (83065, 83068), (83069, 83445), (83447, 83534), (83535, 83555), (83556, 83704), (83705, 83817), (83818, 84110), (84111, 84130), (84131, 84246), (84247, 84294), (84295, 84421), (84422, 84664), (84665, 84754), (84755, 87341), (87342, 98837), (98838, 98883), (98884, 100574), (100576, 101961), (101962, 102268), (102270, 102674), (102676, 102725), (102728, 103018), (103019, 105233), (105235, 105238), (105239, 105263), (105265, 105270), (105272, 105317), (105318, 105346), (105347, 105368), (105370, 105469), (105470, 105474), (105475, 105477), (105478, 105527), (105528, 105570), (105571, 105587), (105588, 105599), (105600, 105619), (105620, 105635), (105636, 105646), (105647, 105652), (105653, 105664), (105665, 106143), (106145, 106342), (106344, 106993)]
[(1079590, 1090172), (1090174, 1090226), (1090228, 1090238), (1090239, 1090287), (1090288, 1090327), (1090328, 1090340), (1090341, 1090384), (1090385, 1090410), (1090411, 1090479), (1090481, 1090528), (1090529, 1090584), (1090585, 1090632), (1090633, 1090637), (1090639, 1090786), (1090788, 1090909), (1090910, 1090941), (1090942, 1090945), (1090947, 1091323), (1091324, 1091411), (1091413, 1091433), (1091435, 1091583), (1091585, 1091697), (1091699, 1091991), (1091993, 1092012), (1092014, 1092129), (1092131, 1092178), (1092180, 1092306), (1092308, 1092550), (1092552, 1092641), (1092643, 1095229), (1095231, 1106726), (1106728, 1106773), (1106775, 1108465), (1108466, 1109851), (1109854, 1110160), (1110161, 1110565), (1110566, 1110615), (1110616, 1110906), (1110909, 1113123), (1113124, 1113127), (1113129, 1113153), (1113154, 1113159), (1113160, 1113205), (1113207, 1113235), (1113237, 1113258), (1113259, 1113358), (1113360, 1113364), (1113369, 1113371), (1113374, 1113423), (1113425, 1113467), (1113469, 1113485), (1113487, 1113498), (1113500, 1113519), (1113521, 1113536), (1113538, 1113548), (1113550, 1113555), (1113557, 1113568), (1113570, 1114048), (1114049, 1114246), (1114247, 1114856)]

chromosome 1 aligns to
scaffold32_size125501_pilon
[(1009327, 1010147), (1010148, 1026442), (1026443, 1026487), (1026488, 1032224), (1032225, 1052987), (1052988, 1055712), (1055713, 1055730), (1055732, 1055743)]
[(1, 821), (824, 17118), (17120, 17164), (17166, 22902), (22904, 43666), (43669, 46393), (46395, 46412), (46413, 46410)]
scaffold32_size125501_pilon
[(1055743, 1060079), (1060080, 1060100), (1060101, 1060109), (1060110, 1060122), (1060123, 1060139), (1060140, 1060144), (1060145, 1060153), (1060154, 1060172), (1060173, 1060193), (1060194, 1060198), (1060199, 1060201), (1060202, 1060206), (1060207, 1060212), (1060213, 1060214), (1060215, 1060217), (1060218, 1060222), (1060223, 1066017)]
[(47125, 51461), (51479, 51499), (51501, 51509), (51511, 51523), (51525, 51541), (51543, 51547), (51549, 51557), (51559, 51577), (51579, 51599), (51601, 51605), (51607, 51609), (51611, 51615), (51617, 51622), (51640, 51641), (51643, 51645), (51647, 51651), (51653, 57351)]
scaffold32_size125501_pilon
[(1065864, 1066937), (1066939, 1079489)]
[(57681, 58754), (58755, 71307)]
scaffold32_size125501_pilon
[(1079590, 1090172), (1090174, 1090226), (1090228, 1090238), (1090239, 1090287), (1090288, 1090327), (1090328, 1090340), (1090341, 1090384), (1090385, 1090410), (1090411, 1090479), (1090481, 1090528), (1090529, 1090584), (1090585, 1090632), (1090633, 1090637), (1090639, 1090786), (1090788, 1090909), (1090910, 1090941), (1090942, 1090945), (1090947, 1091323), (1091324, 1091411), (1091413, 1091433), (1091435, 1091583), (1091585, 1091697), (1091699, 1091991), (1091993, 1092012), (1092014, 1092129), (1092131, 1092178), (1092180, 1092306), (1092308, 1092550), (1092552, 1092641), (1092643, 1095229), (1095231, 1106726), (1106728, 1106773), (1106775, 1108465), (1108466, 1109851), (1109854, 1110160), (1110161, 1110565), (1110566, 1110615), (1110616, 1110906), (1110909, 1113123), (1113124, 1113127), (1113129, 1113153), (1113154, 1113159), (1113160, 1113205), (1113207, 1113235), (1113237, 1113258), (1113259, 1113358), (1113360, 1113364), (1113369, 1113371), (1113374, 1113423), (1113425, 1113467), (1113469, 1113485), (1113487, 1113498), (1113500, 1113519), (1113521, 1113536), (1113538, 1113548), (1113550, 1113555), (1113557, 1113568), (1113570, 1114048), (1114049, 1114246), (1114247, 1114856)]
[(71707, 82289), (82290, 82342), (82343, 82353), (82355, 82403), (82405, 82444), (82446, 82458), (82460, 82503), (82505, 82530), (82532, 82600), (82601, 82648), (82650, 82705), (82707, 82754), (82756, 82760), (82761, 82908), (82909, 83030), (83032, 83063), (83065, 83068), (83069, 83445), (83447, 83534), (83535, 83555), (83556, 83704), (83705, 83817), (83818, 84110), (84111, 84130), (84131, 84246), (84247, 84294), (84295, 84421), (84422, 84664), (84665, 84754), (84755, 87341), (87342, 98837), (98838, 98883), (98884, 100574), (100576, 101961), (101962, 102268), (102270, 102674), (102676, 102725), (102728, 103018), (103019, 105233), (105235, 105238), (105239, 105263), (105265, 105270), (105272, 105317), (105318, 105346), (105347, 105368), (105370, 105469), (105470, 105474), (105475, 105477), (105478, 105527), (105528, 105570), (105571, 105587), (105588, 105599), (105600, 105619), (105620, 105635), (105636, 105646), (105647, 105652), (105653, 105664), (105665, 106143), (106145, 106342), (106344, 106993)]
